TOP    -> 0X
SIDE   -> X0

0123456789ABCDEF

 1 1  11   1  1~| 0 
      11      11| 1
   1   1   1   1| 2
 111   1 1 1 1 1| 3
1111111111111111| 4
1111111111111111| 5
11111111        | 6
  111111 1  1   | 7
 ~1~ 1  1111 1  | 8
1         1     | 9
                | A
        11111111| B
 ~ 11111        | C
 1  111         | D
        1111    | E
1 11  ~~       ~| F


-> 0x0F ops

0123456789ABCDEF

                | 0 
11    ~        1| 1 
        11      | 2 
 1              | 3 
                | 4 
    11 1        | 5
              1 | 6
               1| 7
   111 1        | 8
     1          | 9
  1            1| A
 1    1         | B
                | C
                | D
                | E
                | F